1.5089 2.0845 1
0.10599 -0.20572 1
-1.8687 -0.46111 1
-2.4103 0.82063 1
-1.2276 -6.6134 1
-2.2345 -0.047371 1
-0.56995 -0.30115 1
-0.29113 -0.12364 1
0.42849 -3.6131 1
-1.4356 -1.3312 1
0.02573 -0.1863 1
-0.81031 0.14683 1
1.2433 1.9455 1
-0.039939 1.4562 1
2.964 1.1844 1
-0.43089 -2.0692 1
-1.378 -2.0769 1
-0.24119 1.2432 1
-1.8433 -2.5773 1
-1.341 -2.0849 1
-1.1112 -2.1469 1
-0.11703 0.44103 1
-1.2737 -1.8369 1
-1.4644 -1.3516 1
-3.2149 -4.3229 1
-0.5402 -3.6306 1
-1.9049 -1.802 1
0.85019 0.5391 1
2.2889 -0.31153 1
2.9731 1.2771 1
-2.1096 -1.8174 1
0.47049 0.67514 1
0.69946 1.096 1
-0.36031 1.8531 1
0.55099 0.23576 1
-0.30626 1.7253 1
1.2681 0.75544 1
0.26416 -1.6461 1
0.785 -3.3525 1
0.26048 2.6255 1
1.091 1.1025 1
1.6689 2.1248 1
1.5719 1.9916 1
1.9341 2.5826 1
0.76531 -4.005 1
-0.82723 -1.3354 1
0.09296 3.3993 1
-0.61281 -0.89161 1
1.4719 1.5029 1
0.19102 2.0317 1
0.49309 0.31642 1
1.6029 2.5332 1
-1.8375 -0.76099 1
-1.8329 -2.43 1
0.76388 -1.3862 1
2.1489 0.80377 1
-0.11392 0.49798 1
0.61951 1.9983 1
2.0886 0.22577 1
1.4598 5.3988 1
-2.0776 0.95054 1
-1.8756 -4.1336 1
1.8403 2.2975 1
0.47274 1.87 1
1.8248 1.0855 1
0.4692 -1.5426 1
-1.0778 -1.1847 1
1.3549 5.5072 1
-1.6502 -2.7877 1
0.17019 -0.62227 1
0.34603 1.8996 1
-0.41002 -2.3328 1
2.6487 1.6352 1
2.0698 2.6883 1
2.1591 2.9477 1
0.16601 0.80184 1
0.55919 -0.64941 1
-0.6062 0.18894 1
-2.5567 -3.5364 1
-0.83768 -2.2057 1
1.8552 2.9353 1
0.30937 -2.8082 1
1.3953 4.2006 1
-0.25692 0.22085 1
-2.7674 -4.488 1
-0.54366 0.53294 1
0.69151 0.15723 1
-1.847 -0.28242 1
0.8012 -0.64013 1
0.55321 -1.9937 1
2.7019 6.7752 1
-0.19366 -4.8731 1
-1.3302 -1.789 1
1.3392 -0.44346 1
0.61842 0.57649 1
-0.20623 3.5537 1
-0.44341 2.6532 1
1.0434 2.3364 1
-1.7862 -3.2757 1
2.6662 3.2148 1
1.1491 0.31695 1
-0.056028 0.0088661 1
-0.121 -0.96801 1
-2.1695 -1.91 1
-0.55236 -1.3685 1
0.95412 2.3357 1
-0.34155 -6.5565 1
-0.35307 2.0244 1
2.1888 2.9054 1
0.34025 1.367 1
0.62865 0.35751 1
0.66945 -2.79 1
-0.0024608 -2.6593 1
-0.99258 -0.70533 1
-0.59557 -3.1236 1
1.3645 2.9868 1
-0.84082 2.0866 1
1.259 0.72545 1
-1.0962 -0.34931 1
1.8953 3.8728 1
0.50489 -1.4004 1
-0.62652 -2.8679 1
-0.084045 0.50691 1
-0.52635 2.2936 1
0.049141 -1.511 1
1.6545 1.3298 1
0.49032 -1.9696 1
2.7653 4.197 1
-0.07576 2.5686 1
-0.74527 -2.4697 1
0.70612 -1.0976 1
-0.90795 -1.032 1
1.8766 2.9884 1
0.36869 2.8034 1
1.5109 0.33484 1
-0.019567 1.9994 1
2.0314 0.47243 1
1.5839 4.1751 1
1.9891 2.1735 1
0.028344 1.3117 1
1.78 -0.76392 1
1.901 1.7425 1
2.0764 1.07 1
1.2485 2.0522 1
-0.62083 0.82495 1
0.63142 0.82527 1
-0.32364 0.38223 1
-0.40691 -1.2018 1
0.25194 0.045159 1
1.0028 -0.80416 1
0.99799 -0.50425 1
-1.0281 -2.2308 1
2.2311 2.0326 1
2.3936 1.8949 1
1.0258 -1.3221 1
-1.7812 -0.92749 1
-1.6307 -2.1488 1
-1.3808 -2.2232 1
-0.88162 -4.7197 1
-1.3022 -4.4448 1
2.4513 2.0383 1
1.5771 0.67548 1
0.65541 1.7059 1
-1.4829 -2.0057 1
0.88965 1.4082 1
-0.15905 -0.24529 1
0.60108 -1.9427 1
0.53596 -2.1279 1
-2.1007 -1.517 1
-0.40359 0.17719 1
-0.052429 3.1536 1
1.173 -0.37482 1
-0.62818 -0.96981 1
-0.26918 3.8553 1
-1.9959 -5.559 1
-3.0916 -3.5136 1
1.4199 3.2942 1
-1.3261 -1.7923 1
0.2357 -2.4808 1
2.6603 5.4329 1
-1.3816 -1.7017 1
3.9233 7.0147 1
0.37782 -1.5526 1
-0.89991 -3.7985 1
0.26851 -1.0061 1
0.30234 2.5582 1
-1.2254 0.057545 1
-1.506 -0.72522 1
-0.10494 0.27545 1
0.57546 0.84987 1
-0.20089 0.33162 1
-2.3101 -4.3211 1
-0.37125 -1.5363 1
0.73555 2.6106 1
2.6711 1.859 1
-0.73715 -1.1938 1
2.1174 3.8613 1
-1.0647 -0.37344 1
0.87021 3.1206 1
-0.72342 0.37883 1
1.7798 2.7949 1
0.52208 3.4606 1
-1.0735 -1.6108 1
2.3007 4.0061 1
-0.44311 -0.72212 1
1.694 5.1821 1
0.39998 -0.23647 1
-1.513 -2.1572 1
-1.2856 -1.1623 1
0.40797 0.98614 1
-0.70247 -0.87085 1
1.1993 2.1154 1
0.64658 0.22035 1
-1.4918 -2.9992 1
-0.48696 -2.007 1
1.4977 -1.2595 1
0.96552 3.5409 1
-0.24534 -1.166 1
-1.1859 1.6189 1
-0.74616 0.46566 1
-0.199 0.056352 1
-0.51127 -0.94798 1
1.6242 2.7078 1
-1.6492 -4.7729 1
1.0231 0.21095 1
-0.097589 -1.8342 1
0.5316 0.85618 1
1.2357 0.040924 1
0.50492 0.90305 1
1.0848 -1.7436 1
1.1135 0.31621 1
-0.86352 0.7642 1
-0.18374 -0.27072 1
-1.4979 -1.2984 1
1.4393 2.3159 1
-0.14674 4.3603 1
0.96309 3.5378 1
2.9092 1.2592 1
2.0886 1.7598 1
1.7644 0.28837 1
0.53588 0.14723 1
1.4827 4.952 1
-0.91484 -1.6319 1
-1.0084 -4.0589 1
-2.4775 -2.3098 1
1.3395 5.3409 1
-1.6253 1.131 1
-2.1141 -2.6485 1
-1.7364 -3.3732 1
0.82795 0.69714 1
6.0263 7.9005 2
13.792 11.692 2
11.477 8.8042 2
10.332 10.621 2
7.9677 10.603 2
13.128 12.518 2
12.375 12.001 2
12.615 13.495 2
9.781 8.8098 2
9.2228 10.072 2
7.7377 9.6073 2
12.034 10.298 2
12.631 11.943 2
11.59 11.749 2
9.2446 9.7638 2
11.75 13.662 2
9.2027 9.3564 2
10.508 10.131 2
11.62 10.608 2
10.81 11.656 2
12.141 9.5979 2
8.4259 7.2501 2
11.566 14.215 2
8.5158 12.095 2
12.48 11.866 2
8.7215 8.8626 2
10.413 8.89 2
13.247 12.624 2
13.474 12.848 2
13.364 12.318 2
8.8944 9.8474 2
10.789 9.8496 2
11.307 12.94 2
7.7828 7.1915 2
13.81 13.404 2
12.587 9.7616 2
9.356 8.7806 2
13.69 10.599 2
14.858 14.695 2
11.931 10.751 2
9.3203 10.699 2
9.6192 9.8718 2
8.7158 8.7174 2
12.337 11.286 2
11.818 11.519 2
11.529 13.481 2
8.6616 9.7307 2
10.338 8.4373 2
12.135 10.869 2
11.848 11.795 2
11.181 11.068 2
8.4421 8.8832 2
11.213 10.621 2
7.8081 9.4472 2
10.389 11.629 2
11.598 11.413 2
10.013 11.723 2
7.3178 7.3452 2
9.3011 9.1014 2
9.7373 9.1139 2
8.1031 8.0774 2
13.112 11.862 2
8.8641 8.0803 2
14.685 14.743 2
11.675 10.116 2
12.028 10.782 2
9.9581 11.193 2
15.837 15.061 2
9.6349 11.315 2
11.055 10.769 2
12.952 12.489 2
7.3142 6.2716 2
12.149 12.753 2
11.812 9.4582 2
10.175 7.6493 2
10.559 8.5815 2
9.4529 10.713 2
8.0072 9.793 2
16.586 15.75 2
9.3504 10.547 2
9.582 9.8679 2
8.4947 9.0196 2
8.9403 9.3535 2
14.767 13.333 2
10.324 8.9118 2
9.542 9.9219 2
8.3689 10.623 2
11.102 13.198 2
7.3238 7.2571 2
10.334 10.795 2
10.541 10.954 2
10.744 8.9361 2
12.202 9.9319 2
9.3162 9.4419 2
12.35 12.078 2
10.199 11.488 2
14.094 14.125 2
13.126 9.2429 2
10.274 9.3431 2
12.308 12.548 2
14.61 13.905 2
12.571 10.249 2
9.9837 10.52 2
9.8302 7.7553 2
13.292 11.647 2
11.295 13.13 2
8.1619 9.6191 2
10.45 10.527 2
8.6409 9.2693 2
8.8337 7.151 2
10.109 9.1525 2
9.7799 11.288 2
13.664 10.688 2
13.657 15.212 2
7.7839 7.2429 2
10.796 12.41 2
13.84 10.324 2
12.795 11.926 2
12.199 11.109 2
7.693 9.0633 2
12.645 12.184 2
11.607 9.6252 2
11.963 10.403 2
11.292 11.123 2
8.8728 12.104 2
11.839 12.148 2
7.7012 8.0328 2
10.247 12.412 2
8.9304 8.0194 2
12.084 12.702 2
13.555 10.184 2
12.135 12.104 2
7.3178 6.579 2
10.975 11.723 2
12.28 12.339 2
13.548 11.131 2
9.5881 8.0019 2
7.7482 8.0325 2
12.503 10.227 2
10.388 13.77 2
12.882 11.487 2
10.235 10.308 2
13.416 13.882 2
8.6678 10.866 2
13.587 14.646 2
8.5758 7.1429 2
9.9638 12.25 2
13.885 14.83 2
10.266 10.988 2
9.6927 11.243 2
12.98 11.463 2
8.9584 8.7138 2
11.475 12.167 2
9.1497 8.9359 2
12.757 12.56 2
8.0107 8.6772 2
14.534 13.498 2
9.6889 8.7136 2
9.399 9.6304 2
9.1802 7.9527 2
8.3552 7.2383 2
12.618 13.497 2
10.004 11.415 2
12.76 13.607 2
9.136 8.7738 2
14.204 12.46 2
8.6748 9.2095 2
6.3645 7.2292 2
9.8366 9.973 2
11.321 11.794 2
11.584 12.096 2
8.509 10.238 2
8.6198 9.3735 2
10.975 11.841 2
8.6484 9.7923 2
11.067 11.384 2
10.267 10.324 2
10.563 11.007 2
8.557 8.8771 2
11.888 10.778 2
8.2718 9.5235 2
11.204 10.411 2
13.501 11.577 2
8.7212 8.1116 2
13.585 15.061 2
8.0029 10.348 2
7.6344 9.0772 2
11.123 10.32 2
11.352 8.4839 2
8.872 7.7685 2
12.216 13.58 2
8.8987 9.6983 2
12.499 12.003 2
10.616 10.108 2
10.79 12.835 2
9.7066 9.5098 2
10.156 11.659 2
8.2327 9.0385 2
11.659 12.801 2
9.4493 8.6674 2
11.534 10.348 2
8.3853 9.6272 2
11.221 11.287 2
6.2758 7.4523 2
8.0724 8.1919 2
9.8707 9.4882 2
8.8139 7.589 2
11.911 9.1733 2
11.173 10.974 2
10.184 10.483 2
10.276 8.3171 2
10.476 10.104 2
10.425 10.88 2
9.9989 8.5282 2
8.1183 6.6124 2
9.873 8.0882 2
12.385 13.135 2
8.3404 8.9903 2
7.8961 9.5138 2
11.489 11.349 2
9.3168 8.4481 2
8.6382 9.2739 2
10.906 9.0599 2
11.688 10.405 2
8.6655 8.2794 2
8.4099 8.3408 2
11.003 11.779 2
12.279 13.289 2
8.3598 9.8226 2
7.6611 12.77 2
10.884 12.517 2
9.4357 10.406 2
9.6953 9.7841 2
6.8513 7.2296 2
13.886 12.989 2
11.155 11.494 2
11.893 10.19 2
9.326 10.177 2
12.396 12.969 2
11.376 11.06 2
9.0822 9.2794 2
10.238 9.4153 2
10.495 9.0113 2
8.3572 10.061 2
10.861 12.523 2
11.117 9.2269 2
10.116 11.781 2
12.116 13.639 2
7.9366 4.4557 2
8.8983 11.991 2
11.198 -10.188 3
11.994 -10.418 3
12.944 -12.23 3
17.137 -7.7068 3
11.264 -9.5191 3
9.5658 -10.497 3
12.876 -8.7544 3
16.096 -7.7676 3
11.991 -8.5369 3
14.294 -9.2878 3
10.979 -12.415 3
15.536 -7.5792 3
16.333 -9.1116 3
11.513 -10.046 3
11.693 -10.235 3
13.888 -8.6803 3
12.896 -8.8032 3
16.349 -7.9492 3
13.611 -9.6881 3
16.607 -6.4162 3
17.074 -7.3855 3
16.334 -8.1008 3
11.833 -11.043 3
15.826 -10.414 3
11.766 -9.4923 3
19.02 -5.6252 3
13.992 -8.6124 3
16.508 -7.9943 3
14.413 -7.8028 3
13.1 -10.521 3
16.603 -6.4177 3
16.655 -7.6076 3
11.115 -10.31 3
17.863 -8.0343 3
14.597 -7.3528 3
13.277 -8.3898 3
16.991 -8.2263 3
14.691 -6.7505 3
12.964 -11.266 3
12.66 -12.851 3
15.889 -7.7041 3
10.986 -9.9275 3
16.572 -7.1213 3
15.994 -7.4543 3
13.381 -10.259 3
18.858 -5.5479 3
15.942 -7.1069 3
15.106 -9.6128 3
13.569 -8.5333 3
13.255 -9.4038 3
10.426 -14.507 3
10.185 -12.309 3
15.199 -6.1175 3
15.672 -9.6325 3
11.834 -11.574 3
12.357 -10.463 3
16.76 -7.467 3
16.136 -7.2966 3
15.318 -9.5472 3
17.759 -5.8938 3
15.415 -8.9671 3
13.336 -9.5712 3
14.612 -9.9357 3
15.695 -5.5267 3
13.737 -10.465 3
13.854 -8.4793 3
16.953 -9.8413 3
14.978 -7.9862 3
15.922 -9.8488 3
15.604 -7.6099 3
16.966 -7.7305 3
12.864 -11.587 3
13.709 -10.055 3
12.616 -9.7429 3
15.538 -6.8565 3
12.642 -9.4041 3
10.862 -10.952 3
12.647 -10.622 3
13.287 -10.333 3
11.232 -10.363 3
14.228 -9.4048 3
10.811 -10.886 3
13.428 -8.0988 3
14.374 -9.955 3
15.423 -9.3495 3
11.953 -9.7829 3
15.788 -8.3371 3
14.15 -8.5118 3
12.284 -9.5115 3
13.856 -8.8517 3
15.737 -7.7176 3
15.239 -6.548 3
14.207 -8.0386 3
15.24 -8.2912 3
14.846 -8.35 3
13.796 -8.2666 3
12.474 -9.487 3
11.969 -11.099 3
11.994 -8.9126 3
14.677 -9.2096 3
12.259 -8.3211 3
17.344 -7.5268 3
14.063 -10.304 3
12.478 -10.815 3
13.0 -9.4351 3
11.321 -11.84 3
14.387 -10.361 3
10.128 -12.611 3
15.946 -8.545 3
13.844 -7.6718 3
17.764 -6.7147 3
15.541 -6.9357 3
15.674 -8.9205 3
17.119 -7.3502 3
17.159 -9.4563 3
14.489 -11.133 3
15.46 -10.173 3
17.658 -6.4638 3
9.1428 -10.783 3
15.061 -6.4477 3
11.775 -9.2955 3
12.323 -7.0842 3
12.084 -9.8598 3
12.399 -10.306 3
14.991 -9.3288 3
15.16 -10.552 3
12.056 -9.4383 3
11.208 -10.851 3
17.02 -8.5558 3
12.915 -10.089 3
15.098 -8.5856 3
15.344 -7.6169 3
11.923 -8.5092 3
17.213 -9.3805 3
15.721 -6.7565 3
17.964 -5.0545 3
13.968 -10.582 3
18.493 -6.748 3
12.968 -8.3375 3
14.15 -10.489 3
17.149 -9.3642 3
17.111 -8.9082 3
13.205 -9.8871 3
14.67 -9.1325 3
12.12 -10.766 3
11.805 -10.261 3
14.181 -8.519 3
17.259 -9.7536 3
13.519 -8.4745 3
15.78 -6.1026 3
11.125 -9.3994 3
14.731 -6.9284 3
10.845 -10.237 3
11.091 -10.442 3
12.091 -9.4351 3
12.105 -9.4701 3
13.559 -9.4334 3
15.091 -9.5824 3
15.476 -9.4655 3
12.891 -8.7911 3
15.704 -9.2036 3
13.911 -8.5072 3
13.023 -9.4658 3
14.046 -9.4063 3
9.792 -9.8321 3
15.154 -8.4006 3
12.817 -9.1361 3
13.008 -10.233 3
13.706 -9.1426 3
15.122 -9.0879 3
15.182 -9.2652 3
14.545 -8.3886 3
14.585 -8.9725 3
12.998 -10.54 3
11.636 -9.5747 3
9.6302 -14.114 3
14.227 -10.658 3
17.099 -10.79 3
13.495 -8.8906 3
13.29 -8.0473 3
12.698 -9.4398 3
12.65 -9.8365 3
16.58 -7.3633 3
18.639 -6.3607 3
12.804 -11.254 3
11.922 -11.407 3
16.243 -8.3945 3
11.631 -10.844 3
11.567 -10.763 3
13.334 -8.128 3
10.744 -10.196 3
15.033 -7.868 3
18.058 -5.3592 3
16.141 -8.1425 3
12.096 -10.128 3
16.949 -8.3553 3
10.931 -9.9035 3
16.038 -9.1359 3
13.836 -9.624 3
15.121 -8.3358 3
14.68 -7.8782 3
9.0544 -11.136 3
13.083 -9.5653 3
15.219 -6.7376 3
11.964 -10.304 3
11.611 -10.112 3
14.817 -8.1349 3
12.668 -9.1999 3
16.182 -6.2641 3
13.006 -8.6085 3
15.476 -8.9798 3
14.728 -7.0808 3
17.831 -5.0444 3
12.575 -10.495 3
15.552 -7.9592 3
10.7 -9.7616 3
17.927 -4.9081 3
13.929 -9.1742 3
12.151 -8.465 3
12.931 -9.6962 3
14.977 -9.0578 3
12.676 -7.138 3
11.808 -10.868 3
9.492 -12.816 3
14.7 -7.7619 3
10.877 -12.647 3
14.983 -7.2587 3
16.015 -7.0677 3
15.249 -7.5279 3
15.925 -7.574 3
16.221 -6.9899 3
16.927 -7.5744 3
13.356 -8.9758 3
17.449 -8.3979 3
13.164 -10.855 3
15.598 -5.8193 3
15.181 -7.336 3
12.945 -9.9536 3
14.807 -6.8469 3
11.933 -10.446 3
13.634 -7.9064 3
13.047 -9.8374 3
14.943 -6.4805 3
14.172 -9.6907 3
16.61 -8.4823 3
17.907 -8.2501 3
15.779 -8.6948 3
11.777 -12.009 3
12.636 -9.5071 3
16.314 -6.7326 3
-10.505 15.109 4
-8.9094 14.418 4
-7.9505 16.063 4
-10.389 14.312 4
-6.3419 17.536 4
-9.3695 15.456 4
-10.343 14.332 4
-7.0612 16.531 4
-7.9469 18.85 4
-11.358 14.596 4
-10.008 15.388 4
-11.944 14.562 4
-8.3533 16.548 4
-11.88 13.234 4
-8.8014 17.882 4
-12.792 13.149 4
-7.9022 15.324 4
-13.24 12.264 4
-10.044 15.036 4
-14.857 13.217 4
-6.3263 17.95 4
-7.6511 16.051 4
-12.186 14.94 4
-9.1827 15.865 4
-7.9624 14.864 4
-12.084 15.571 4
-10.204 15.733 4
-8.4018 18.181 4
-10.977 14.534 4
-6.7573 15.274 4
-9.8193 15.481 4
-9.309 17.249 4
-9.3225 14.79 4
-8.4591 17.064 4
-11.716 14.489 4
-7.2542 15.793 4
-11.946 14.625 4
-9.0172 15.628 4
-9.3065 16.281 4
-11.694 14.636 4
-11.828 13.509 4
-8.7599 15.709 4
-11.115 13.926 4
-8.9385 17.552 4
-9.2828 16.173 4
-9.8404 14.158 4
-10.125 16.025 4
-10.664 14.429 4
-8.0784 14.151 4
-8.0059 16.546 4
-6.073 19.092 4
-8.4228 14.145 4
-8.2631 16.282 4
-8.5241 15.02 4
-13.256 13.804 4
-11.425 13.505 4
-9.2768 14.995 4
-10.275 13.1 4
-12.476 15.541 4
-6.0934 15.75 4
-7.3453 16.392 4
-5.8316 17.946 4
-8.4686 17.757 4
-10.423 13.9 4
-13.014 14.073 4
-11.736 13.048 4
-9.3299 14.868 4
-7.5955 16.286 4
-9.4177 14.715 4
-10.481 15.526 4
-11.332 14.8 4
-11.601 13.694 4
-13.815 11.691 4
-8.9667 16.132 4
-7.7753 17.736 4
-13.189 13.114 4
-6.8634 16.293 4
-10.218 16.995 4
-12.774 11.949 4
-11.0 14.565 4
-9.0226 14.942 4
-11.959 16.076 4
-10.444 15.311 4
-12.022 14.046 4
-6.2411 18.106 4
-13.574 9.4927 4
-7.8131 16.001 4
-10.6 12.889 4
-12.006 15.087 4
-9.7727 13.342 4
-11.364 14.493 4
-9.8497 15.488 4
-10.261 15.355 4
-10.594 13.442 4
-7.779 17.01 4
-7.6428 15.939 4
-10.449 13.467 4
-11.196 12.746 4
-6.1793 15.274 4
-6.0835 16.451 4
-3.0949 19.113 4
-13.525 13.248 4
-9.2776 14.876 4
-12.192 13.132 4
-7.397 17.582 4
-12.679 12.16 4
-6.5408 17.824 4
-7.3113 15.48 4
-9.7933 15.961 4
-13.021 11.585 4
-10.441 14.567 4
-9.3327 13.16 4
-7.1232 17.143 4
-7.7372 14.622 4
-10.713 13.667 4
-9.1112 15.53 4
-9.4148 15.027 4
-8.5846 15.033 4
-11.77 13.798 4
-9.1762 15.19 4
-9.123 17.522 4
-12.456 14.539 4
-8.2965 14.796 4
-12.223 11.991 4
-11.858 14.091 4
-10.815 12.249 4
-11.424 13.831 4
-12.401 17.729 4
-6.6914 17.94 4
-7.9739 15.566 4
-12.463 16.673 4
-11.643 13.537 4
-8.4458 15.013 4
-11.324 16.862 4
-12.433 13.237 4
-6.2357 17.285 4
-11.235 14.335 4
-10.783 13.134 4
-12.551 14.392 4
-13.295 14.035 4
-10.669 16.285 4
-7.0337 16.27 4
-12.885 13.69 4
-9.7658 13.898 4
-9.4553 15.611 4
-13.536 11.995 4
-12.802 13.812 4
-10.092 14.614 4
-10.146 15.521 4
-11.175 16.321 4
-8.0045 14.393 4
-11.124 15.246 4
-10.193 15.976 4
-12.578 14.737 4
-8.8938 14.387 4
-9.7718 14.595 4
-13.123 11.353 4
-6.8886 15.092 4
-8.0733 13.91 4
-10.056 14.635 4
-11.029 14.474 4
-10.996 11.704 4
-7.8769 15.028 4
-13.138 13.048 4
-11.408 13.423 4
-10.337 14.33 4
-8.0749 14.383 4
-6.4222 17.406 4
-8.7813 17.262 4
-4.9797 18.375 4
-7.2575 16.07 4
-10.842 16.792 4
-9.7064 14.712 4
-12.909 13.558 4
-11.127 15.401 4
-9.828 14.309 4
-11.332 12.698 4
-7.7708 16.133 4
-9.5115 12.867 4
-9.2716 16.919 4
-6.24 18.547 4
-11.435 11.657 4
-9.8808 15.44 4
-14.37 9.8864 4
-12.307 13.765 4
-8.5254 15.775 4
-6.1695 18.956 4
-12.167 12.957 4
-8.1112 16.296 4
-8.5549 18.559 4
-9.6262 14.045 4
-10.144 15.148 4
-8.504 15.409 4
-13.19 12.947 4
-5.3613 17.639 4
-12.834 14.431 4
-12.067 13.554 4
-10.666 15.872 4
-8.2211 15.305 4
-9.2685 17.072 4
-10.011 14.769 4
-7.2349 17.667 4
-11.849 15.535 4
-7.4254 16.519 4
-14.689 12.732 4
-9.9373 13.696 4
-10.123 16.908 4
-6.9257 16.614 4
-13.872 11.389 4
-10.518 12.997 4
-8.3956 16.39 4
-13.3 14.238 4
-9.9176 16.927 4
-7.863 17.811 4
-11.735 14.142 4
-12.875 14.601 4
-11.104 15.197 4
-7.1491 17.796 4
-7.7045 17.102 4
-10.366 16.094 4
-9.4026 16.647 4
-8.3055 18.473 4
-8.8893 13.746 4
-10.431 15.467 4
-8.5765 14.651 4
-11.002 13.46 4
-10.451 13.017 4
-9.8505 13.511 4
-11.526 14.513 4
-12.768 13.637 4
-12.166 12.426 4
-10.263 13.535 4
-9.0085 14.671 4
-10.668 15.001 4
-9.9538 14.594 4
-6.851 14.636 4
-8.5403 13.827 4
-6.8409 14.544 4
-11.056 11.77 4
-6.741 14.246 4
-8.6824 14.453 4
-8.9344 15.19 4
-8.6556 16.383 4
-10.271 13.994 4
-9.0218 16.014 4
-13.789 13.661 4
-10.156 16.328 4
-8.3278 14.368 4
-12.432 14.156 4
-11.895 14.53 4
