-3.4442 1.1625 1
0.26416 -1.6461 1
-1.6844 -1.9465 1
-1.4829 -2.0057 1
-1.1112 -2.1469 1
-0.29113 -0.12364 1
-0.87567 0.98251 1
-1.3022 -4.4448 1
1.9915 3.223 1
-1.3499 1.3058 1
-1.5475 -5.063 1
-2.0776 0.95054 1
1.4578 1.367 1
0.23063 1.0245 1
0.11032 -1.2562 1
-0.16874 -0.86148 1
-2.4775 -2.3098 1
-0.85465 -2.8527 1
-0.93218 -1.9257 1
-1.9049 -1.802 1
2.6487 1.6352 1
1.5719 1.9459 1
1.1558 0.36105 1
1.259 0.72545 1
-1.2856 -1.1623 1
0.47274 1.87 1
-1.4383 -3.9896 1
-2.1007 -1.517 1
0.82371 1.6774 1
-3.2282 -2.8246 1
0.34603 1.8996 1
3.1719 2.1475 1
0.71198 -1.7825 1
-0.4291 -1.4878 1
-0.40359 0.17719 1
-1.378 -2.0769 1
0.03484 1.374 1
0.68756 0.25397 1
-0.72342 0.37883 1
-0.44341 2.6532 1
-1.3808 -2.2232 1
1.4256 1.8132 1
-0.056028 0.0088661 1
0.02573 -0.1863 1
-1.506 -0.72522 1
-0.44311 -0.72212 1
-0.20089 0.33162 1
-0.32873 2.0263 1
-1.0281 -2.2308 1
-0.14674 4.3603 1
0.1135 -0.38063 1
-0.37125 -1.5363 1
1.9891 2.1735 1
2.1591 2.9477 1
-1.9713 -0.60343 1
1.4099 0.90583 1
0.42849 -3.6131 1
-1.3261 -1.7923 1
2.0886 0.22577 1
0.77873 2.6808 1
-0.62652 -2.8679 1
-0.82723 -1.3354 1
-0.2426 -1.5634 1
-2.2061 -2.317 1
1.091 1.1025 1
-3.2149 -4.3229 1
-0.90795 -1.032 1
3.0082 2.6027 1
-0.64852 -0.87682 1
0.87383 -1.2145 1
-1.0084 -4.0589 1
-1.2256 -2.7439 1
-0.89991 -3.7985 1
-0.121 -0.96801 1
2.4814 5.4188 1
0.60108 -1.9427 1
-2.2345 -0.047371 1
-0.40318 3.0956 1
1.5771 0.67548 1
2.3168 3.8324 1
0.30937 -2.8082 1
0.87021 3.1206 1
2.9731 1.2771 1
1.071 3.8469 1
-0.039939 1.4562 1
0.09296 3.3993 1
-0.5402 -3.6306 1
-1.6777 0.55662 1
1.4199 3.2942 1
1.7002 5.2268 1
-1.7812 -0.92749 1
2.2038 2.1657 1
-0.40691 -1.2018 1
-1.8692 -1.7292 1
0.95412 2.3357 1
1.4393 2.3159 1
-1.7158 -2.5642 1
0.65203 2.1641 1
2.0886 1.7598 1
-0.24534 -1.166 1
0.55321 -1.9937 1
0.36869 2.8034 1
0.036581 -0.75022 1
0.76388 -1.3862 1
-2.09 -0.54725 1
0.71958 1.2339 1
1.3934 1.9603 1
1.6395 1.6458 1
2.863 2.7681 1
2.0013 1.7532 1
0.53588 0.14723 1
2.0314 0.47243 1
-0.82794 -1.5183 1
-0.097589 -1.8342 1
0.88965 1.4082 1
0.55919 -0.64941 1
0.049141 -1.511 1
-1.2305 -1.301 1
1.2093 0.73619 1
-1.2737 -1.8369 1
0.42906 0.44245 1
-1.0601 1.5906 1
0.41935 1.0514 1
-0.11392 0.49798 1
1.6029 2.5332 1
-3.0916 -3.5136 1
1.1135 0.31621 1
0.4692 -1.5426 1
1.7798 2.7949 1
-0.56995 -0.30115 1
1.8225 2.6983 1
-1.3302 -1.789 1
1.9341 2.5826 1
-1.0537 -0.8392 1
0.74332 0.90768 1
0.63142 0.82527 1
-0.35685 2.7411 1
-0.54366 0.53294 1
0.73555 2.6106 1
-1.8433 -2.5773 1
-1.5601 -4.3701 1
-0.15124 -1.9561 1
0.13403 -0.34436 1
-0.43089 -2.0692 1
0.091339 -2.5496 1
-2.1763 -3.2796 1
0.64686 0.04424 1
1.9559 5.3045 1
1.4719 1.5029 1
1.8325 0.90105 1
0.55099 0.23576 1
0.53695 1.0356 1
-0.62083 0.82495 1
-1.2221 0.77793 1
1.4898 -1.6033 1
-2.1141 -2.6485 1
1.4977 -1.2595 1
3.455 6.1116 1
-0.30626 1.7253 1
-0.65472 0.74872 1
1.5888 -0.53043 1
-0.018754 -1.7674 1
-2.1695 -1.91 1
0.98776 2.0667 1
1.2681 0.75544 1
2.2133 0.019805 1
-1.1298 -2.7818 1
-0.83768 -2.2057 1
0.85019 0.5391 1
-0.19366 -4.8731 1
1.8509 -0.28636 1
-0.90841 -4.4677 1
0.86295 1.9791 1
-1.6253 1.131 1
-0.74616 0.46566 1
-0.25692 0.22085 1
-1.0647 -0.37344 1
1.8403 2.2975 1
2.6976 4.6051 1
1.5089 2.0845 1
1.8766 2.9884 1
-0.41002 -2.3328 1
0.25194 0.045159 1
-0.61281 -0.89161 1
-1.4979 -1.2984 1
2.8975 -0.28315 1
-1.0568 -0.15807 1
0.59713 1.5469 1
-2.3593 -1.094 1
-0.55236 -1.3685 1
0.94998 2.2733 1
0.19102 2.0317 1
0.16601 0.80184 1
2.4513 2.0383 1
-0.10494 0.27545 1
2.2891 -0.021601 1
-1.6886 -1.5434 1
0.785 -3.3525 1
1.4161 2.7075 1
2.7019 6.7752 1
0.75397 -0.83759 1
1.694 5.1821 1
1.5452 1.0558 1
-1.0778 -1.1847 1
-0.64826 -1.7243 1
0.2753 -1.0591 1
1.901 1.7425 1
-0.67962 0.21447 1
1.78 -0.76392 1
-1.7862 -3.2757 1
1.5641 2.5343 1
-0.49059 1.0232 1
-0.81031 0.14683 1
-1.3816 -1.7017 1
1.3392 -0.44346 1
-0.0024608 -2.6593 1
3.041 4.1213 1
1.2644 0.022403 1
-0.94627 0.49433 1
-0.71996 0.97109 1
1.5109 0.33484 1
0.8012 -0.64013 1
0.65541 1.7059 1
-1.847 -0.28242 1
1.7644 0.28837 1
2.2311 2.0326 1
-1.2298 -1.7028 1
-0.084045 0.50691 1
0.27521 1.1578 1
-3.3149 -3.9728 1
0.87532 0.43861 1
-0.052429 3.1536 1
-0.69132 -2.0886 1
-0.96437 -2.7141 1
-0.34155 -6.5565 1
0.2357 -2.4808 1
3.061 3.6612 1
-1.1547 -1.7165 1
0.042757 -0.74906 1
0.5316 0.85618 1
1.3645 2.9868 1
-1.4918 -2.9992 1
3.1992 0.97684 1
1.5719 1.9916 1
-2.2904 -1.7836 1
3.9233 7.0147 1
0.76602 -0.72347 1
-0.019567 1.9994 1
0.44596 0.76659 1
-1.6307 -2.1488 1
3.8641 3.0803 2
3.1619 4.6191 2
3.6198 4.3735 2
6.47 7.4348 2
4.578 4.8035 2
7.213 5.5954 2
5.2758 3.3171 2
6.0984 5.5331 2
7.8366 7.3465 2
3.762 4.3205 2
3.1521 4.5144 2
5.4236 7.7484 2
9.6099 8.9047 2
7.1486 7.7528 2
4.2446 4.7638 2
3.6655 3.2794 2
5.4082 4.4627 2
5.2666 5.3239 2
3.5131 5.4133 2
3.6678 5.8663 2
4.7888 5.9151 2
6.233 5.5035 2
6.3314 6.1018 2
1.0263 2.9005 2
6.75 8.6625 2
6.6882 5.4048 2
8.6904 5.5992 2
5.923 3.4905 2
8.5505 7.4815 2
2.7561 1.7687 2
5.4955 4.0113 2
6.0716 5.6287 2
7.1163 8.6395 2
6.9878 7.0646 2
4.9347 5.934 2
3.0724 3.1919 2
2.9465 3.8434 2
6.5656 9.2148 2
7.2567 5.1675 2
0.2735 1.5242 2
6.0117 3.9068 2
7.385 8.1347 2
7.4798 6.8656 2
4.3682 5.9732 2
5.324 3.9118 2
6.6068 4.6252 2
3.0072 4.793 2
5.3266 5.9699 2
6.8926 5.1899 2
7.3374 6.286 2
6.173 5.9735 2
1.888 3.0513 2
7.6036 6.4858 2
4.6817 5.9754 2
4.3582 5.1604 2
4.3718 5.5132 2
8.6458 6.3333 2
5.1556 6.6588 2
5.4956 5.7947 2
5.1841 5.4834 2
6.0539 5.4551 2
4.5129 4.4029 2
8.8854 9.8301 2
6.6993 6.8789 2
4.082 4.7554 2
11.586 10.75 2
6.5165 5.8719 2
7.5302 5.7199 2
6.8478 6.7945 2
3.3841 6.2197 2
6.8966 7.2796 2
4.2332 4.8663 2
6.5902 6.7494 2
5.9908 8.1449 2
4.4493 3.6674 2
7.5096 6.1837 2
8.0151 7.0296 2
6.6198 5.6082 2
5.7893 4.8496 2
4.8366 4.973 2
5.5715 5.1198 2
8.5006 6.577 2
7.3338 6.903 2
4.2027 4.3564 2
7.3971 6.4088 2
3.4421 3.8832 2
4.3786 5.5021 2
4.4529 5.7129 2
3.5268 3.9995 2
6.6591 7.8005 2
3.872 2.7685 2
6.2036 5.4112 2
5.2778 4.7825 2
2.0312 3.554 2
3.7158 3.7174 2
7.6308 6.9427 2
3.8944 4.8474 2
6.5838 7.0955 2
6.3756 6.0595 2
6.123 5.3203 2
3.6484 4.7923 2
5.9747 6.8409 2
8.0664 6.7576 2
5.9211 7.7606 2
4.6889 3.7136 2
3.2327 4.0385 2
5.1094 4.1525 2
7.9802 6.463 2
5.1157 6.781 2
8.8643 9.7902 2
6.9022 6.1628 2
2.7828 2.1915 2
3.8454 5.671 2
4.6825 3.4961 2
4.6669 1.9582 2
6.4749 7.1667 2
7.0841 7.7016 2
3.8367 5.3336 2
3.6956 4.7401 2
8.5482 6.1307 2
5.1408 6.4275 2
7.8823 6.4872 2
3.1642 2.0308 2
5.795 5.141 2
8.2473 7.6238 2
7.2159 8.5804 2
5.0552 4.6318 2
7.6446 7.184 2
6.2783 5.8302 2
8.3973 6.4619 2
5.5594 3.5815 2
4.2659 4.5281 2
6.6545 5.4163 2
8.6568 10.212 2
2.7146 2.9241 2
2.8864 3.7086 2
5.7522 5.4563 2
3.1183 1.6124 2
2.8961 4.5138 2
6.183 5.4859 2
6.1673 4.4014 2
5.4006 4.2512 2
5.7899 7.8353 2
3.8983 6.9913 2
9.2038 7.4601 2
8.1283 7.5176 2
4.7066 4.5098 2
4.5684 4.6288 2
7.8172 5.7953 2
6.2206 6.2871 2
1.3932 3.2557 2
5.8391 5.2675 2
9.0321 8.4777 2
6.9625 5.403 2
5.141 4.9966 2
3.557 3.8771 2
3.9403 4.3535 2
6.0339 4.6245 2
5.1852 3.8628 2
5.1988 6.4875 2
6.9114 4.1733 2
5.102 3.1772 2
5.0478 7.3572 2
8.2855 7.6664 2
1.8513 2.2296 2
3.3572 5.0613 2
4.1497 3.9359 2
6.6752 5.1158 2
5.5944 6.0051 2
7.4361 4.3069 2
5.8023 7.226 2
3.4259 2.2501 2
5.5292 5.2704 2
8.1125 6.8621 2
4.3203 5.6993 2
9.217 6.9169 2
6.0027 6.7792 2
3.7212 3.1116 2
6.0545 5.769 2
3.3489 5.7006 2
5.3323 5.621 2
8.8103 8.4042 2
6.5293 8.4813 2
2.9959 3.4448 2
3.5863 5.7058 2
4.995 5.8849 2
7.3076 7.5484 2
4.3168 3.4481 2
5.4004 3.4689 2
10.837 10.061 2
4.2938 4.8408 2
4.9498 6.1034 2
5.4133 3.89 2
4.6257 4.1834 2
7.6427 6.7909 2
6.213 5.6209 2
5.4602 5.5675 2
6.5216 8.9099 2
8.8539 9.3173 2
4.6927 6.2431 2
6.5784 6.2133 2
5.3965 4.4107 2
7.5705 5.2491 2
5.9058 4.0599 2
8.4163 8.8815 2
6.8529 7.3106 2
4.3504 5.5467 2
3.7506 2.2731 2
8.1355 7.4123 2
8.6057 9.0429 2
8.4737 7.8475 2
3.509 5.2377 2
6.8881 5.7782 2
8.6621 8.6329 2
4.9499 6.5135 2
7.7567 7.5599 2
7.615 8.4951 2
7.7942 5.5203 2
2.3333 3.1625 2
8.7183 10.074 2
5.1814 5.8045 2
9.7671 8.3327 2
8.8628 4.2749 2
8.0646 6.4393 2
5.0037 6.4155 2
5.4765 5.1035 2
4.399 4.6304 2
4.873 3.0882 2
9.534 8.4981 2
3.0573 1.3664 2
4.6192 4.8718 2
7.9609 8.1099 2
5.284 4.7815 2
4.9989 3.5282 2
6.3073 7.9396 2
8.537 7.5314 2
6.2537 6.3446 2
6.8176 6.519 2
6.2924 6.1227 2
4.9638 7.2502 2
7.3505 7.0777 2
2.693 4.0633 2
2.7839 6.7202 2
3.955 3.4341 2
5.3876 8.7701 2
6.5982 6.4134 2
3.3853 4.6272 2
7.8221 8.7486 2
8.7306 5.6832 2
7.1477 7.2385 2
5.5261 0.065578 3
4.5615 2.0523 3
5.221 1.7435 3
3.2396 -0.6329 3
2.9277 0.40123 3
2.7871 -1.8331 3
4.5906 -1.0824 3
0.24955 -3.2864 3
-2.3375 -3.5079 3
-0.86984 -5.6136 3
5.637 2.3111 3
4.3238 -0.30995 3
0.43092 -1.4035 3
3.0509 -2.0335 3
0.70848 -2.3515 3
5.4594 0.99378 3
2.5235 -0.96576 3
1.3078 -2.3683 3
6.649 -0.86415 3
4.4782 0.51376 3
3.2055 -0.64258 3
3.0492 -2.4829 3
4.7495 0.97208 3
3.4918 -0.11236 3
3.5868 0.63145 3
7.5858 3.1764 3
1.9785 -2.3153 3
5.7428 0.10552 3
3.6596 -1.342 3
8.3584 2.9521 3
0.67709 -2.0891 3
2.1603 -4.3511 3
2.8323 -0.49937 3
3.3748 0.52484 3
2.4711 -1.0258 3
4.2695 -0.059096 3
4.3885 -0.024328 3
5.6485 1.0079 3
2.4445 -1.4536 3
2.0764 -1.6692 3
4.8444 0.88308 3
0.94931 -1.1081 3
4.3073 1.6531 3
5.0772 -1.3549 3
2.8813 -1.7592 3
4.0447 0.11141 3
4.9235 -0.84949 3
4.4381 -1.5537 3
2.3165 -0.63612 3
2.1159 -1.2429 3
4.0974 1.1472 3
4.2064 1.4297 3
6.4388 1.0305 3
1.1111 -1.6117 3
3.3544 0.02072 3
0.14986 -3.6982 3
4.1305 -0.043617 3
-1.1406 -3.003 3
6.7134 -0.88055 3
6.8437 0.9732 3
5.721 1.5101 3
0.20526 -1.465 3
-0.93417 -1.9971 3
6.6366 0.7932 3
0.19957 -1.2616 3
2.1504 -1.3365 3
2.6847 -3.251 3
1.2681 -1.6097 3
5.6358 1.2034 3
0.30966 -2.5531 3
1.136 -1.0747 3
3.5468 -0.20898 3
5.6412 0.35747 3
5.8343 0.39921 3
8.5203 2.8748 3
5.4955 -1.1066 3
4.7912 1.237 3
5.1722 -1.1325 3
3.2956 0.23337 3
4.1145 1.285 3
1.4642 -1.8036 3
1.4688 -2.5988 3
5.0357 0.92082 3
4.2232 -0.50471 3
3.0591 -0.93345 3
5.1945 2.9733 3
5.446 -0.045029 3
5.2881 0.16287 3
4.6596 -2.0516 3
-0.074041 -6.0073 3
1.5836 -1.3598 3
6.599 -2.2904 3
2.2647 -1.1652 3
6.103 2.0823 3
4.5976 -0.08558 3
4.1701 -0.63246 3
1.4937 -0.41262 3
5.4216 -1.3488 3
3.5677 -2.5524 3
2.834 0.37201 3
2.4637 -2.7663 3
1.5235 -2.6704 3
4.4595 -0.101 3
5.8139 1.7674 3
8.1942 1.5487 3
2.1678 -0.6999 3
1.8987 -1.8059 3
4.9206 0.64966 3
-1.1893 -2.7679 3
3.7342 -1.6024 3
6.4533 -1.3413 3
1.8331 -0.37504 3
2.2877 -0.61454 3
2.9674 -1.6431 3
5.8572 0.43885 3
5.0409 1.5643 3
5.4245 0.92598 3
3.4725 -0.42661 3
0.36152 -2.4521 3
1.7645 -2.452 3
2.7045 -1.3871 3
3.5044 -0.8868 3
-1.3572 -2.2831 3
2.3638 -3.0867 3
3.5462 -0.90628 3
3.6192 -0.059543 3
6.6194 1.1498 3
1.7579 -2.7795 3
3.077 -1.6002 3
3.7408 -0.58686 3
1.9742 -0.98704 3
0.73199 -1.8628 3
-0.31469 -3.8089 3
2.1424 -0.90409 3
3.7067 0.46141 3
2.9002 -2.6108 3
2.3374 -1.409 3
3.2089 -1.5548 3
4.6062 -1.1128 3
6.2425 0.56957 3
2.995 -0.39064 3
4.4774 -0.55782 3
0.37662 -4.1466 3
0.61504 -1.8104 3
7.3207 -0.22615 3
-1.4456 -2.6363 3
3.1861 -0.46151 3
3.8738 -1.455 3
3.4889 -0.73115 3
2.5832 -1.0653 3
1.7839 -1.0115 3
4.9759 -0.96547 3
2.5082 -1.7326 3
3.672 -1.1907 3
4.9746 0.2747 3
7.4955 1.8191 3
5.4423 1.3931 3
1.334 -3.074 3
9.2275 4.0166 3
1.2169 -3.3741 3
5.6824 2.2359 3
2.1682 -2.8018 3
0.71885 -2.4696 3
6.8362 1.2955 3
3.2759 1.3167 3
6.1137 0.68756 3
6.4663 0.76954 3
5.2369 0.78243 3
6.0746 1.0188 3
4.6215 0.16417 3
3.8017 -1.5095 3
7.8461 3.1158 3
4.245 -0.15056 3
7.9815 1.1402 3
5.5495 0.56323 3
-0.70803 -1.3321 3
2.9839 1.3058 3
6.175 1.4044 3
4.4233 -0.05172 3
2.4146 -1.5887 3
2.0645 -3.8433 3
5.0314 2.2573 3
1.5536 -0.87545 3
0.9098 -0.26776 3
4.0377 -0.64043 3
2.4104 -1.6448 3
4.095 -0.57132 3
5.8333 -0.61156 3
1.6417 -1.4092 3
3.7273 -2.1578 3
2.5467 -1.3374 3
4.9597 -1.6734 3
6.2651 2.1669 3
6.9492 0.10212 3
2.176 1.362 3
2.4313 -1.1962 3
3.5009 0.90732 3
3.5627 -1.8036 3
4.3888 0.029602 3
2.1359 -1.0071 3
7.3305 3.4556 3
2.9822 -2.5032 3
1.5959 -1.628 3
7.4066 0.2499 3
5.0542 -0.48743 3
5.2035 -0.70355 3
4.3889 0.20087 3
5.2789 -0.19481 3
3.3363 -1.124 3
4.6537 0.099394 3
3.4291 -0.6742 3
4.5656 -0.31023 3
2.8362 -1.0712 3
1.7299 -1.7016 3
4.9154 -0.46709 3
2.1977 -0.93975 3
-0.28867 -1.8393 3
1.1926 -1.7349 3
0.47944 -3.915 3
0.62464 -0.89943 3
1.0145 -0.21582 3
7.4879 0.78717 3
4.1804 0.62182 3
7.4226 1.6606 3
1.4911 -0.036915 3
1.2129 -1.4955 3
3.0535 -1.5227 3
-0.18167 -3.0543 3
2.9399 -2.4508 3
4.191 1.7495 3
4.6986 2.3825 3
6.3509 2.296 3
5.1467 1.0481 3
1.4785 -1.4539 3
1.4164 0.071067 3
2.4437 -3.7296 3
6.3093 0.38776 3
5.7292 0.63276 3
0.59722 -3.5109 3
0.32227 -3.9428 3
2.3845 -1.5739 3
4.1231 1.3296 3
3.344 0.82822 3
-0.024501 -2.252 3
3.6807 -0.018984 3
4.1935 0.78106 3
8.1387 2.1393 3
1.6047 -0.97009 3
1.0371 1.1733 3
4.5333 0.63197 3
2.6114 5.5918 4
-4.9342 4.0029 4
-1.6957 3.2463 4
1.4245 6.926 4
0.5656 5.6898 4
1.2369 6.7824 4
-0.94646 4.4773 4
0.085238 5.5275 4
0.3888 6.0296 4
4.1387 8.1393 4
-2.666 2.926 4
-2.4464 5.1245 4
-5.1406 2.997 4
1.5978 5.8243 4
-1.8496 4.6635 4
2.759 4.7464 4
-1.0943 3.9423 4
-3.2736 2.4485 4
-0.86573 6.5936 4
-0.042887 8.74 4
-0.79448 5.3574 4
-2.6953 4.2391 4
0.17013 5.3675 4
3.2667 7.363 4
3.9815 7.1402 4
-3.2356 4.9809 4
0.92347 5.1505 4
2.103 8.0823 4
-0.88949 4.8119 4
1.6231 5.5277 4
1.2035 5.2964 4
-1.2953 3.2816 4
-2.2351 4.6418 4
-0.31933 5.981 4
-0.58917 5.9928 4
1.4594 6.9938 4
3.3635 6.4657 4
-3.268 4.1372 4
-1.824 7.362 4
-4.2887 4.1607 4
-2.4041 4.372 4
-0.91336 6.2764 4
3.4658 8.6769 4
-1.9355 2.1567 4
-1.2129 4.1669 4
-3.0507 4.8919 4
-0.43726 4.1964 4
0.38888 6.2009 4
-1.5854 4.4113 4
-1.8023 5.0602 4
0.24502 5.8494 4
-3.5138 4.5725 4
0.22844 7.4192 4
1.5718 7.0017 4
-2.6665 3.4568 4
-0.29328 6.4614 4
3.5581 9.1408 4
-3.5206 2.085 4
-2.0997 5.9558 4
-2.5063 5.5874 4
-0.76092 5.8552 4
0.17748 5.2904 4
-5.008 1.6837 4
1.2881 6.1629 4
1.2789 5.8052 4
-0.86494 3.9295 4
-1.5 5.0649 4
0.044689 6.1114 4
-1.1694 6.7847 4
-4.8698 0.38644 4
-1.4 3.9787 4
1.637 8.3111 4
1.1467 7.0481 4
6.4051 9.6132 4
-2.6922 3.6317 4
-3.7404 2.7641 4
3.3207 5.7739 4
-2.3283 4.0086 4
-2.444 5.0617 4
2.0077 6.5057 4
1.5531 9.3495 4
-0.7671 6.7887 4
-1.0601 3.5492 4
2.7427 5.7743 4
-1.3153 2.749 4
-1.8641 4.9929 4
-3.4028 2.4891 4
1.0521 6.5408 4
-0.81394 5.5385 4
-0.50817 5.8876 4
-1.9252 4.0054 4
0.56149 8.0523 4
1.7428 6.1055 4
-3.0777 5.2366 4
-1.4533 4.6626 4
1.8677 3.8061 4
-0.49914 6.9073 4
0.26951 5.9409 4
-3.385 4.1896 4
-0.63796 6.701 4
-0.51106 5.2688 4
0.62154 5.4121 4
-3.1069 2.6597 4
-0.64416 5.6483 4
3.1581 8.0362 4
-3.7947 4.535 4
-1.5563 2.2704 4
0.20029 6.7381 4
1.6485 7.0079 4
-2.9629 7.1733 4
1.4941 7.0457 4
3.4955 7.8191 4
-0.84343 4.832 4
0.095048 5.4287 4
-1.604 5.6968 4
-1.4765 5.0342 4
0.32842 4.5889 4
-2.2408 6.1789 4
-1.0178 3.4968 4
0.092799 5.6686 4
-0.76297 4.0347 4
0.79056 6.5411 4
-1.2105 6.4527 4
-2.143 4.0369 4
-0.49562 5.1132 4
-0.1262 4.545 4
-2.5057 4.0821 4
-3.6903 3.4469 4
-0.7705 4.4944 4
-2.7341 5.0077 4
3.5858 9.1764 4
-1.9077 3.9235 4
0.99605 5.9093 4
1.1044 6.8901 4
4.5203 8.8748 4
2.2425 6.5696 4
-2.2421 3.2205 4
-0.18485 7.7275 4
-1.4918 4.2674 4
-1.1442 5.5242 4
1.0357 6.9208 4
2.175 7.4044 4
0.4233 5.9483 4
1.4423 7.3931 4
-1.1677 5.5006 4
0.31726 6.3651 4
2.8362 7.2955 4
1.8333 5.3884 4
-1.624 5.7456 4
0.3073 7.6531 4
-0.43234 3.4476 4
-2.1945 5.1362 4
-0.94909 3.9665 4
-0.32802 4.8093 4
3.427 9.5919 4
-1.8322 5.3001 4
3.4226 7.6606 4
3.2589 8.6062 4
-0.77467 3.6003 4
0.9759 5.5202 4
-6.3375 2.4921 4
2.3509 8.296 4
-0.41324 6.6315 4
-1.0161 7.3058 4
3.2643 7.7853 4
-0.34966 5.9882 4
1.9045 6.786 4
0.68152 5.2348 4
-4.708 4.6679 4
-1.6088 5.7089 4
-2.8694 3.6557 4
-0.66374 4.876 4
-1.8184 7.2468 4
-0.62518 6.5248 4
1.4267 4.4105 4
-1.9762 4.5991 4
-0.45379 5.0937 4
3.4066 6.2499 4
-1.0769 4.8383 4
-1.1638 4.9288 4
-2.8074 4.2651 4
2.1098 6.0177 4
0.43809 4.4463 4
-1.5325 6.1625 4
3.3305 9.4556 4
-1.8841 4.7571 4
0.6813 7.164 4
-1.5138 5.0369 4
-3.6777 2.0572 4
-0.70435 6.2334 4
1.4216 4.6512 4
0.097397 7.1472 4
0.68591 6.0152 4
-2.4718 5.7597 4
-2.2161 4.9885 4
0.8176 4.9528 4
1.221 7.7435 4
2.4388 7.0305 4
1.7358 7.9375 4
-0.93709 6.1898 4
1.8139 7.7674 4
0.38847 5.9757 4
-0.61207 5.8197 4
-2.7253 5.2045 4
-0.64564 6.0207 4
1.6358 7.2034 4
-0.8375 4.8299 4
4.291 9.383 4
-1.5438 5.0971 4
0.45946 5.899 4
-1.6271 5.9011 4
-3.3754 5.1006 4
-2.5089 5.9631 4
-2.3803 3.7338 4
-1.853 3.8777 4
1.0772 4.6451 4
2.1066 8.0838 4
3.8461 9.1158 4
-2.9866 4.4544 4
-3.8501 2.3018 4
-2.4164 4.6402 4
-4.074 -0.0073221 4
-3.2811 3.5304 4
-0.25924 5.4131 4
-2.0258 5.013 4
2.6366 6.7932 4
0.21199 6.2719 4
4.3584 8.9521 4
-0.033615 4.3022 4
1.0383 7.6435 4
1.0616 6.7631 4
4.1942 7.5487 4
-3.6847 3.5563 4
-2.1013 4.1941 4
1.7628 5.1217 4
0.48277 7.2413 4
-2.6865 5.44 4
1.8343 6.3992 4
-0.93051 5.9667 4
-3.7555 4.3037 4
-0.34043 4.658 4
-2.932 4.6565 4
1.446 5.955 4
-2.5776 3.0927 4
1.3888 6.7959 4
-2.2701 4.2984 4
-2.7871 4.5045 4
-0.62281 7.4075 4
0.22318 5.4953 4
1.0409 7.5643 4
